# 投影能量单调性测试结果 - N=250
Grid_N: 250
Grid_Points: 251x251
dt_used: 1.000000e-03
rho: 1.000000e+00
nu_base: 1.000000e-06

# 能量指标
E_before_projection: 5.053728e+03
E_after_projection: 3.787942e+03
deltaE: 1.265785e+03
energy_monotonic: True
relative_error: 2.504656e-01
gradp_norm_squared: 5.190917e+08
deltaE_theory: 5.190917e+02
