# 投影能量单调性测试结果 - N=100
Grid_N: 100
Grid_Points: 101x101
dt_used: 1.000000e-03
rho: 1.000000e+00
nu_base: 1.000000e-06

# 能量指标
E_before_projection: 8.165473e+02
E_after_projection: 6.218280e+02
deltaE: 1.947194e+02
energy_monotonic: True
relative_error: 2.384667e-01
gradp_norm_squared: 9.228354e+07
deltaE_theory: 9.228354e+01
