# 投影能量单调性测试结果 - N=30
Grid_N: 30
Grid_Points: 31x31
dt_used: 1.000000e-03
rho: 1.000000e+00
nu_base: 1.000000e-06

# 能量指标
E_before_projection: 8.176038e+01
E_after_projection: 6.436379e+01
deltaE: 1.739658e+01
energy_monotonic: True
relative_error: 2.127752e-01
gradp_norm_squared: 8.655770e+06
deltaE_theory: 8.655770e+00
