# 投影能量单调性测试结果 - N=275
Grid_N: 275
Grid_Points: 276x276
dt_used: 1.000000e-03
rho: 1.000000e+00
nu_base: 1.000000e-06

# 能量指标
E_before_projection: 6.188171e+03
E_after_projection: 4.600185e+03
deltaE: 1.587986e+03
energy_monotonic: True
relative_error: 2.566164e-01
gradp_norm_squared: 6.497246e+08
deltaE_theory: 6.497246e+02
