# 投影能量单调性测试结果 - N=75
Grid_N: 75
Grid_Points: 76x76
dt_used: 1.000000e-03
rho: 1.000000e+00
nu_base: 1.000000e-06

# 能量指标
E_before_projection: 4.612942e+02
E_after_projection: 3.533311e+02
deltaE: 1.079631e+02
energy_monotonic: True
relative_error: 2.340440e-01
gradp_norm_squared: 5.160254e+07
deltaE_theory: 5.160254e+01
