case: maze
adapt_dt_safety: 0.5
dt_initial: 1.000000e-04
dt_final: 8.333333e-06
status: stable
num_corridors: 15
max_curvature: 20.512149887245368
avg_curvature: 3.1743243111220067
path_efficiency: 1.0147460388149208
min_clearance: 0.002594791090596593
avg_clearance: 0.038065937705243226
elapsed: 25.1806
