# CFL自适应压力测试 - alpha_obs=40
alpha_obs: 40.00
cond_D_max: 401.999919
dt_initial: 2.000000e-03
expected_scaling: 0.124378
dt_final: 6.218905e-06
dt_scaling_actual: 0.003109
Solver_Success: True
