# CFL自适应压力测试 - alpha_obs=3
alpha_obs: 3.00
cond_D_max: 31.999999
dt_initial: 2.000000e-03
expected_scaling: 1.000000
dt_final: 5.000000e-05
dt_scaling_actual: 0.025000
Solver_Success: True
