# CFL自适应压力测试 - alpha_obs=5
alpha_obs: 5.00
cond_D_max: 51.999999
dt_initial: 2.000000e-03
expected_scaling: 0.961538
dt_final: 4.807692e-05
dt_scaling_actual: 0.024038
Solver_Success: True
