# CFL自适应压力测试 - alpha_obs=60
alpha_obs: 60.00
cond_D_max: 121.999993
dt_initial: 2.000000e-03
expected_scaling: 0.409836
dt_final: 2.049180e-05
dt_scaling_actual: 0.010246
Solver_Success: True
