# 边界一致性测试结果 - N=150, BC=current
Grid_N: 150
BC_Type: current
max_un: 1.325527e-03
mean_un: 4.557077e-04
L2_un: 5.573272e-04
max_un_after: 0.000000e+00
mean_un_after: 0.000000e+00
L2_un_after: 0.000000e+00
num_wall_points: 122
