# 边界一致性测试结果 - N=250, BC=current
Grid_N: 250
BC_Type: current
max_un: 1.223961e-03
mean_un: 4.126521e-04
L2_un: 5.424718e-04
max_un_after: 0.000000e+00
mean_un_after: 0.000000e+00
L2_un_after: 0.000000e+00
num_wall_points: 202
