# 边界一致性测试结果 - N=60, BC=current
Grid_N: 60
BC_Type: current
max_un: 1.020667e-03
mean_un: 3.823120e-04
L2_un: 4.170171e-04
max_un_after: 0.000000e+00
mean_un_after: 0.000000e+00
L2_un_after: 0.000000e+00
num_wall_points: 50
