# 边界一致性测试结果 - N=100, BC=current
Grid_N: 100
BC_Type: current
max_un: 1.256035e-03
mean_un: 4.501057e-04
L2_un: 5.130323e-04
max_un_after: 0.000000e+00
mean_un_after: 0.000000e+00
L2_un_after: 0.000000e+00
num_wall_points: 82
