# 散度收敛测试结果 - N=350
Grid_N: 350
Grid_Points: 351x351
dx: 2.857143e-03
dy: 2.857143e-03
dt_used: 1.000000e-02
nu_base: 1.000000e-06

# 散度测试结果
L2_div_initial: 2.896912e-04
L2_div_initial_norm: 1.013919e-01
Linf_div_initial: 4.828082e-01
L2_div_final: 1.882686e-04
L2_div_final_norm: 6.589400e-02
Linf_div_final: 3.310298e-01
L2_div_ratio: 6.498941e-01
Linf_div_ratio: 6.856342e-01

# 投影效果
# 测试方法：设置非散度自由初场 → nt=1步IMEX推进 → 测量散度消除效果
# L2散度减少倍数: 1.54×
# L∞散度减少倍数: 1.46×
