# 散度收敛测试结果 - N=300
Grid_N: 300
Grid_Points: 301x301
dx: 3.333333e-03
dy: 3.333333e-03
dt_used: 1.000000e-02
nu_base: 1.000000e-06

# 散度测试结果
L2_div_initial: 3.379137e-04
L2_div_initial_norm: 1.013741e-01
Linf_div_initial: 4.171627e-01
L2_div_final: 2.202989e-04
L2_div_final_norm: 6.608966e-02
Linf_div_final: 2.698717e-01
L2_div_ratio: 6.519382e-01
Linf_div_ratio: 6.469219e-01

# 投影效果
# 测试方法：设置非散度自由初场 → nt=1步IMEX推进 → 测量散度消除效果
# L2散度减少倍数: 1.53×
# L∞散度减少倍数: 1.55×
