# 散度收敛测试结果 - N=30
Grid_N: 30
Grid_Points: 31x31
dx: 3.333333e-02
dy: 3.333333e-02
dt_used: 1.000000e-02
nu_base: 1.000000e-06

# 散度测试结果
L2_div_initial: 3.873855e-03
L2_div_initial_norm: 1.162157e-01
Linf_div_initial: 3.514372e-01
L2_div_final: 2.883960e-03
L2_div_final_norm: 8.651881e-02
Linf_div_final: 2.057403e-01
L2_div_ratio: 7.444677e-01
Linf_div_ratio: 5.854253e-01

# 投影效果
# 测试方法：设置非散度自由初场 → nt=1步IMEX推进 → 测量散度消除效果
# L2散度减少倍数: 1.34×
# L∞散度减少倍数: 1.71×
