# 散度收敛测试结果 - N=175
Grid_N: 175
Grid_Points: 176x176
dx: 5.714286e-03
dy: 5.714286e-03
dt_used: 1.000000e-02
nu_base: 1.000000e-06

# 散度测试结果
L2_div_initial: 5.795475e-04
L2_div_initial_norm: 1.014208e-01
Linf_div_initial: 4.203036e-01
L2_div_final: 3.842580e-04
L2_div_final_norm: 6.724516e-02
Linf_div_final: 2.580461e-01
L2_div_ratio: 6.630311e-01
Linf_div_ratio: 6.139517e-01

# 投影效果
# 测试方法：设置非散度自由初场 → nt=1步IMEX推进 → 测量散度消除效果
# L2散度减少倍数: 1.51×
# L∞散度减少倍数: 1.63×
