# 散度收敛测试结果 - N=225
Grid_N: 225
Grid_Points: 226x226
dx: 4.444444e-03
dy: 4.444444e-03
dt_used: 1.000000e-02
nu_base: 1.000000e-06

# 散度测试结果
L2_div_initial: 4.505129e-04
L2_div_initial_norm: 1.013654e-01
Linf_div_initial: 4.885636e-01
L2_div_final: 2.963805e-04
L2_div_final_norm: 6.668562e-02
Linf_div_final: 3.284204e-01
L2_div_ratio: 6.578735e-01
Linf_div_ratio: 6.722163e-01

# 投影效果
# 测试方法：设置非散度自由初场 → nt=1步IMEX推进 → 测量散度消除效果
# L2散度减少倍数: 1.52×
# L∞散度减少倍数: 1.49×
