# 散度收敛测试结果 - N=50
Grid_N: 50
Grid_Points: 51x51
dx: 2.000000e-02
dy: 2.000000e-02
dt_used: 1.000000e-02
nu_base: 1.000000e-06

# 散度测试结果
L2_div_initial: 2.107226e-03
L2_div_initial_norm: 1.053613e-01
Linf_div_initial: 3.682866e-01
L2_div_final: 1.478904e-03
L2_div_final_norm: 7.394521e-02
Linf_div_final: 2.261100e-01
L2_div_ratio: 7.018250e-01
Linf_div_ratio: 6.139512e-01

# 投影效果
# 测试方法：设置非散度自由初场 → nt=1步IMEX推进 → 测量散度消除效果
# L2散度减少倍数: 1.42×
# L∞散度减少倍数: 1.63×
